image_width: 640
image_height: 480
camera_name: narrow_stereo
camera_matrix:
  rows: 3
  cols: 3
  data: [ 390.51033,    0.     ,  308.03674,
            0.     ,  488.10979,  255.2771 ,
            0.     ,    0.     ,    1.     ]
distortion_model: plumb_bob
distortion_coefficients:
  rows: 1
  cols: 5
  data: [-0.318378, 0.094837, 0.001658, 0.004611, 0.000000]
rectification_matrix:
  rows: 3
  cols: 3
  data: [ 1.,  0.,  0.,
          0.,  1.,  0.,
          0.,  0.,  1.]
projection_matrix:
  rows: 3
  cols: 4
  data: [ 296.28226,    0.     ,  311.74938,    0.     ,
            0.     ,  446.22934,  259.13896,    0.     ,
            0.     ,    0.     ,    1.     ,    0.     ]
