image_width: 640
image_height: 480
camera_name: camera
camera_matrix:
  rows: 3
  cols: 3
  data: [ 394.83415,    0.     ,  334.47034,
            0.     ,  526.9049 ,  215.30879,
            0.     ,    0.     ,    1.     ]
distortion_model: plumb_bob
distortion_coefficients:
  rows: 1
  cols: 5
  data: [-0.306846, 0.077297, -0.001907, -0.000464, 0.000000]
rectification_matrix:
  rows: 3
  cols: 3
  data: [ 1.,  0.,  0.,
          0.,  1.,  0.,
          0.,  0.,  1.]
projection_matrix:
  rows: 3
  cols: 4
  data: [ 294.65628,    0.     ,  342.53112,    0.     ,
            0.     ,  488.25049,  210.51915,    0.     ,
            0.     ,    0.     ,    1.     ,    0.     ]
