image_width: 640
image_height: 480
camera_name: camera
camera_matrix:
  rows: 3
  cols: 3
  data: [ 651.76645,    0.     ,  335.2567 ,
            0.     ,  812.78332,  210.04879,
            0.     ,    0.     ,    1.     ]
distortion_model: plumb_bob
distortion_coefficients:
  rows: 1
  cols: 5
  data: [0.182584, -0.371424, -0.004314, 0.004269, 0.000000]
rectification_matrix:
  rows: 3
  cols: 3
  data: [ 1.,  0.,  0.,
          0.,  1.,  0.,
          0.,  0.,  1.]
projection_matrix:
  rows: 3
  cols: 4
  data: [ 666.96722,    0.     ,  337.46934,    0.     ,
            0.     ,  833.29053,  208.4876 ,    0.     ,
            0.     ,    0.     ,    1.     ,    0.     ]
